1682
1907
2199
2283
2070
1800
1702
1928
2286
2495
2410
1967
1163
34
-924
-1243
-830
-191
3
-439
-1032
-1243
-845
-322
-13
-134
-302
-216
95
248
154
22
-1
196
390
331
41
-262
-444
-500
-757
-1360
-2278
-3007
-3279
-3134
-2745
-2579
-2692
-2858
-2618
-2020
-1335
-1051
-1281
-1558
-1576
-1452
-1392
-1519
-1655
-1762
-1606
-1379
-1222
-1017
-727
-182
364
805
965
1069
1065
1062
988
939
752
872
1305
1678
2070
2295
2307
2772
3561
4157
4562
5242
5472
5231
5085
5124
5443
6318
7274
7601
7215
7234
7292
7127
6865
5752
4235
873
-2994
-7458
-9552
-7840
-4188
-1168
-560
-1032
-855
751
3417
4818
5235
4729
4160
3411
1985
299
-1397
-2297
-2892
-3426
-3542
-3699
-3788
-3688
-2958
-1598
-73
421
-470
-1566
-2583
-2831
-2976
-3062
-3642
-4181
-4419
-4597
-4649
-4409
-3855
-3113
-2661
-2353
-2519
-2575
-2552
-2163
-1555
-1198
-1078
-1244
-1155
-557
427
1141
1048
536
37
96
695
1348
1826
2328
2519
2414
2739
3015
3618
4400
5135
5996
6333
6606
6570
6349
6554
7658
9621
10964
11048
10196
8083
6789
4947
1224
-6150
-12977
-14401
-10456
-4998
-1797
-606
-356
1046
4247
6791
7812
6976
5871
4485
2749
625
-1840
-3893
-5590
-6139
-5336
-4177
-3931
-4080
-3296
-1455
1391
3219
3640
3086
2264
1136
-772
-3027
-5970
-7918
-8999
-9359
-8558
-7227
-5668
-4216
-2460
-549
448
550
-133
-930
-1720
-2598
-3623
-4655
-4931
-4265
-2935
-1449
-124
973
1911
2222
2102
1421
909
422
145
407
1178
2234
2695
3575
4194
5217
6262
7116
6992
6554
6437
6228
6417
8195
9645
10265
10168
9465
8889
8727
5798
-104
-8887
-15908
-15870
-10168
-3651
-444
435
800
1489
3961
6122
7262
6708
5702
4490
2640
298
-2856
-5400
-6593
-6131
-4889
-3811
-3585
-3810
-2637
-403
2126
3232
3628
3374
2592
1625
-328
-3407
-7148
-10285
-12042
-11116
-8795
-6894
-5509
-4093
-2122
-229
1147
1622
823
-391
-2115
-3838
-5325
-6039
-5777
-4688
-3269
-2084
-821
545
1916
2776
3051
2274
985
115
-66
834
1960
2898
2656
2649
3527
4456
5778
7775
8112
7761
7120
7517
9050
10531
11630
12285
11523
10363
8890
3228
-5559
-14343
-19327
-16356
-9140
-2596
121
667
1364
3116
6232
8844
9548
8059
5916
3768
1192
-2023
-5447
-7826
-8391
-7125
-5641
-4670
-4223
-3454
-1338
1851
4432
5314
4944
3824
2307
262
-2180
-5219
-8607
-11345
-12296
-11591
-9397
-7056
-4665
-2399
-253
1108
1761
1609
1023
-215
-1854
-3870
-5550
-6361
-5768
-4411
-2690
-1265
4
1160
2316
2911
2790
1896
1102
596
919
1768
2398
2928
3860
4615
5407
6281
7463
8139
8321
8074
7794
8495
10006
11319
11524
10793
9588
6927
107
-9599
-16397
-17038
-12465
-5936
-1240
638
90
1193
4076
6900
9355
9266
7275
5046
2489
-340
-3471
-5940
-7334
-7105
-6013
-5004
-4995
-4660
-3059
-578
2471
4469
4843
3512
1538
-989
-3442
-5596
-7239
-8241
-8498
-8216
-7673
-7053
-5884
-3783
-1391
335
882
192
-924
-1902
-2270
-2464
-2884
-3466
-3703
-3159
-2090
-811
298
1346
1975
2429
2433
2412
2214
2436
2710
2942
3585
3849
5128
5890
6233
7155
8468
9279
9537
10357
10084
9992
10367
10041
8850
6385
-615
-9963
-16121
-16177
-11543
-5698
-1374
-226
-1075
106
3138
6296
9219
9500
7623
5452
2617
-455
-3071
-5177
-6256
-6143
-5717
-5447
-6214
-6100
-4320
-1484
1907
4163
3961
2572
94
-2068
-2977
-4131
-5288
-6564
-8101
-8955
-9129
-8017
-5970
-3607
-1652
-775
-910
-959
-905
-583
-347
-882
-2028
-3115
-3451
-2600
-1283
70
1003
1343
1589
2204
2933
3612
4102
4245
4204
4112
4991
5769
7198
7714
8790
8947
9297
10218
11143
11309
10950
10044
9120
2910
-6566
-13194
-15399
-12907
-7066
-2905
-2060
-3286
-3226
-95
4088
8355
9814
8861
7175
5259
2939
746
-1803
-3832
-4833
-5555
-6197
-7662
-8583
-7877
-5271
-1637
1334
2067
1903
1227
789
410
-1093
-2662
-4522
-5863
-6690
-7448
-8212
-8288
-7422
-5747
-4017
-2782
-2099
-1680
-1049
-96
512
372
-319
-1097
-1233
-588
237
1134
1612
1881
2233
2576
3197
3773
4291
5306
6225
6746
7754
8766
9409
9757
10973
11254
11330
11206
9887
8528
7093
1261
-6486
-11718
-12585
-9939
-5606
-2884
-3164
-4059
-3131
175
3762
7319
8176
7255
6016
5052
3934
2432
632
-1504
-2988
-4609
-5912
-7603
-8590
-8099
-6187
-3648
-2233
-1883
-2615
-2332
-1515
-362
-132
-876
-2417
-3743
-4339
-4542
-4628
-4971
-5171
-5386
-5374
-5059
-4441
-3531
-2615
-1605
-1063
-822
-763
-265
679
1971
2915
3265
3141
3356
3874
4128
4467
4545
5165
5678
6282
7444
7637
8424
9776
10414
11483
11745
10475
9897
7459
667
-6162
-9571
-9298
-7469
-4635
-4346
-5813
-5991
-3758
-232
3181
6588
7069
6823
6096
5699
4644
3874
2927
1685
-131
-2543
-4714
-7164
-7731
-7261
-6071
-5241
-4760
-4888
-4729
-4595
-4063
-2739
-2074
-1488
-1955
-2921
-3652
-3493
-3162
-2971
-2971
-3701
-4244
-4493
-3774
-3018
-2000
-1656
-1575
-1610
-933
175
1579
2895
3424
3714
3871
4697
5658
5975
6220
6290
6529
7653
8557
9094
10224
10685
11031
10530
9019
8570
3979
-2463
-6874
-7569
-6664
-4680
-4109
-5434
-6793
-5762
-3013
-792
2626
5235
6473
6671
6404
5854
5367
5684
5287
3790
1069
-1218
-3822
-5679
-6387
-6414
-6131
-6018
-5510
-6338
-6760
-6503
-4954
-3317
-1875
-1834
-2380
-2623
-2328
-1608
-1388
-1457
-2192
-2909
-3698
-4011
-3837
-3215
-2416
-1923
-1525
-1049
169
1143
2213
2690
3244
3855
5008
5951
6386
6930
7675
8353
9004
9679
10064
10532
11011
10658
9405
8219
2639
-3917
-6632
-6873
-6187
-5233
-5616
-6838
-6894
-5497
-3323
-1974
1340
3891
5210
5111
4787
4794
5321
6797
6792
5147
3013
1315
-884
-2456
-3379
-3999
-4293
-5264
-6340
-8298
-9412
-9478
-7906
-6453
-5075
-4431
-3914
-2833
-1373
-41
605
1085
589
-121
-1130
-1700
-1926
-1866
-2071
-2594
-2605
-1808
-197
962
1620
1782
2595
3769
5241
6058
6710
7465
8048
9211
9599
9979
10582
10424
10288
10245
7161
2182
-2370
1682
1907
2199
2283
2070
1800
1702
1928
2286
2495
2410
1967
1163
34
-924
-1243
-830
-191
3
-439
-1032
-1243
-845
-322
-13
-134
-302
-216
95
248
154
22
-1
196
390
331
41
-262
-444
-500
-757
-1360
-2278
-3007
-3279
-3134
-2745
-2579
-2692
-2858
-2618
-2020
-1335
-1051
-1281
-1558
-1576
-1452
-1392
-1519
-1655
-1762
-1606
-1379
-1222
-1017
-727
-182
364
805
965
1069
1065
1062
988
939
752
872
1305
1678
2070
2295
2307
2772
3561
4157
4562
5242
5472
5231
5085
5124
5443
6318
7274
7601
7215
7234
7292
7127
6865
5752
4235
873
-2994
-7458
-9552
-7840
-4188
-1168
-560
-1032
-855
751
3417
4818
5235
4729
4160
3411
1985
299
-1397
-2297
-2892
-3426
-3542
-3699
-3788
-3688
-2958
-1598
-73
421
-470
-1566
-2583
-2831
-2976
-3062
-3642
-4181
-4419
-4597
-4649
-4409
-3855
-3113
-2661
-2353
-2519
-2575
-2552
-2163
-1555
-1198
-1078
-1244
-1155
-557
427
1141
1048
536
37
96
695
1348
1826
2328
2519
2414
2739
3015
3618
4400
5135
5996
6333
6606
6570
6349
6554
7658
9621
10964
11048
10196
8083
6789
4947
1224
-6150
-12977
-14401
-10456
-4998
-1797
-606
-356
1046
4247
6791
7812
6976
5871
4485
2749
625
-1840
-3893
-5590
-6139
-5336
-4177
-3931
-4080
-3296
-1455
1391
3219
3640
3086
2264
1136
-772
-3027
-5970
-7918
-8999
-9359
-8558
-7227
-5668
-4216
-2460
-549
448
550
-133
-930
-1720
-2598
-3623
-4655
-4931
-4265
-2935
-1449
-124
973
1911
2222
2102
1421
909
422
145
407
1178
2234
2695
3575
4194
5217
6262
7116
6992
6554
6437
6228
6417
8195
9645
10265
10168
9465
8889
8727
5798
-104
-8887
-15908
-15870
-10168
-3651
-444
435
800
1489
3961
6122
7262
6708
5702
4490
2640
298
-2856
-5400
-6593
-6131
-4889
-3811
-3585
-3810
-2637
-403
2126
3232
3628
3374
2592
1625
-328
-3407
-7148
-10285
-12042
-11116
-8795
-6894
-5509
-4093
-2122
-229
1147
1622
823
-391
-2115
-3838
-5325
-6039
-5777
-4688
-3269
-2084
-821
545
1916
2776
3051
2274
985
115
-66
834
1960
2898
2656
2649
3527
4456
5778
7775
8112
7761
7120
7517
9050
10531
11630
12285
11523
10363
8890
3228
-5559
-14343
-19327
-16356
-9140
-2596
121
667
1364
3116
6232
8844
9548
8059
5916
3768
1192
-2023
-5447
-7826
-8391
-7125
-5641
-4670
-4223
-3454
-1338
1851
4432
5314
4944
3824
2307
262
-2180
-5219
-8607
-11345
-12296
-11591
-9397
-7056
-4665
-2399
-253
1108
1761
1609
1023
-215
-1854
-3870
-5550
-6361
-5768
-4411
-2690
-1265
4
1160
2316
2911
2790
1896
1102
596
919
1768
2398
2928
3860
4615
5407
6281
7463
8139
8321
8074
7794
8495
10006
11319
11524
10793
9588
6927
107
-9599
-16397
-17038
-12465
-5936
-1240
638
90
1193
4076
6900
9355
9266
7275
5046
2489
-340
-3471
-5940
-7334
-7105
-6013
-5004
-4995
-4660
-3059
-578
2471
4469
4843
3512
1538
-989
-3442
-5596
-7239
-8241
-8498
-8216
-7673
-7053
-5884
-3783
-1391
335
882
192
-924
-1902
-2270
-2464
-2884
-3466
-3703
-3159
-2090
-811
298
1346
1975
2429
2433
2412
2214
2436
2710
2942
3585
3849
5128
5890
6233
7155
8468
9279
9537
10357
10084
9992
10367
10041
8850
6385
-615
-9963
-16121
-16177
-11543
-5698
-1374
-226
-1075
106
3138
6296
9219
9500
7623
5452
2617
-455
-3071
-5177
-6256
-6143
-5717
-5447
-6214
-6100
-4320
-1484
1907
4163
3961
2572
94
-2068
-2977
-4131
-5288
-6564
-8101
-8955
-9129
-8017
-5970
-3607
-1652
-775
-910
-959
-905
-583
-347
-882
-2028
-3115
-3451
-2600
-1283
70
1003
1343
1589
2204
2933
3612
4102
4245
4204
4112
4991
5769
7198
7714
8790
8947
9297
10218
11143
11309
10950
10044
9120
2910
-6566
-13194
-15399
-12907
-7066
-2905
-2060
-3286
-3226
-95
4088
8355
9814
8861
7175
5259
2939
746
-1803
-3832
-4833
-5555
-6197
-7662
-8583
-7877
-5271
-1637
1334
2067
1903
1227
789
410
-1093
-2662
-4522
-5863
-6690
-7448
-8212
-8288
-7422
-5747
-4017
-2782
-2099
-1680
-1049
-96
512
372
-319
-1097
-1233
-588
237
1134
1612
1881
2233
2576
3197
3773
4291
5306
6225
6746
7754
8766
9409
9757
10973
11254
11330
11206
9887
8528
7093
1261
-6486
-11718
-12585
-9939
-5606
-2884
-3164
-4059
-3131
175
3762
7319
8176
7255
6016
5052
3934
2432
632
-1504
-2988
-4609
-5912
-7603
-8590
-8099
-6187
-3648
-2233
-1883
-2615
-2332
-1515
-362
-132
-876
-2417
-3743
-4339
-4542
-4628
-4971
-5171
-5386
-5374
-5059
-4441
-3531
-2615
-1605
-1063
-822
-763
-265
679
1971
2915
3265
3141
3356
3874
4128
4467
4545
5165
5678
6282
7444
7637
8424
9776
10414
11483
11745
10475
9897
7459
667
-6162
-9571
-9298
-7469
-4635
-4346
-5813
-5991
-3758
-232
3181
6588
7069
6823
6096
5699
4644
3874
2927
1685
-131
-2543
-4714
-7164
-7731
-7261
-6071
-5241
-4760
-4888
-4729
-4595
-4063
-2739
-2074
-1488
-1955
-2921
-3652
-3493
-3162
-2971
-2971
-3701
-4244
-4493
-3774
-3018
-2000
-1656
-1575
-1610
-933
175
1579
2895
3424
3714
3871
4697
5658
5975
6220
6290
6529
7653
8557
9094
10224
10685
11031
10530
9019
8570
3979
-2463
-6874
-7569
-6664
-4680
-4109
-5434
-6793
-5762
-3013
-792
2626
5235
6473
6671
6404
5854
5367
5684
5287
3790
1069
-1218
-3822
-5679
-6387
-6414
-6131
-6018
-5510
-6338
-6760
-6503
-4954
-3317
-1875
-1834
-2380
-2623
-2328
-1608
-1388
-1457
-2192
-2909
-3698
-4011
-3837
-3215
-2416
-1923
-1525
-1049
169
1143
2213
2690
3244
3855
5008
5951
6386
6930
7675
8353
9004
9679
10064
10532
11011
10658
9405
8219
2639
-3917
-6632
-6873
-6187
-5233
-5616
-6838
-6894
-5497
-3323
-1974
1340
3891
5210
5111
4787
4794
5321
6797
6792
5147
3013
1315
-884
-2456
-3379
-3999
-4293
-5264
-6340
-8298
-9412
-9478
-7906
-6453
-5075
-4431
-3914
-2833
-1373
-41
605
1085
589
-121
-1130
-1700
-1926
-1866
-2071
-2594
-2605
-1808
-197
962
1620
1782
2595
3769
5241
6058
6710
7465
8048
9211
9599
9979
10582
10424
10288
10245
7161
2182
-2370
1682
1907
2199
2283
2070
1800
1702
1928
2286
2495
2410
1967
1163
34
-924
-1243
-830
-191
3
-439
-1032
-1243
-845
-322
-13
-134
-302
-216
95
248
154
22
-1
196
390
331
41
-262
-444
-500
-757
-1360
-2278
-3007
-3279
-3134
-2745
-2579
-2692
-2858
-2618
-2020
-1335
-1051
-1281
-1558
-1576
-1452
-1392
-1519
-1655
-1762
-1606
-1379
-1222
-1017
-727
-182
364
805
965
1069
1065
1062
988
939
752
872
1305
1678
2070
2295
2307
2772
3561
4157
4562
5242
5472
5231
5085
5124
5443
6318
7274
7601
7215
7234
7292
7127
6865
5752
4235
873
-2994
-7458
-9552
-7840
-4188
-1168
-560
-1032
-855
751
3417
4818
5235
4729
4160
3411
1985
299
-1397
-2297
-2892
-3426
-3542
-3699
-3788
-3688
-2958
-1598
-73
421
-470
-1566
-2583
-2831
-2976
-3062
-3642
-4181
-4419
-4597
-4649
-4409
-3855
-3113
-2661
-2353
-2519
-2575
-2552
-2163
-1555
-1198
-1078
-1244
-1155
-557
427
1141
1048
536
37
96
695
1348
1826
2328
2519
2414
2739
3015
3618
4400
5135
5996
6333
6606
6570
6349
6554
7658
9621
10964
11048
10196
8083
6789
4947
1224
-6150
-12977
-14401
-10456
-4998
-1797
-606
-356
1046
4247
6791
7812
6976
5871
4485
2749
625
-1840
-3893
-5590
-6139
-5336
-4177
-3931
-4080
-3296
-1455
1391
3219
3640
3086
2264
1136
-772
-3027
-5970
-7918
-8999
-9359
-8558
-7227
-5668
-4216
-2460
-549
448
550
-133
-930
-1720
-2598
-3623
-4655
-4931
-4265
-2935
-1449
-124
973
1911
2222
2102
1421
909
422
145
407
1178
2234
2695
3575
4194
5217
6262
7116
6992
6554
6437
6228
6417
8195
9645
10265
10168
9465
8889
8727
5798
-104
-8887
-15908
-15870
-10168
-3651
-444
435
800
1489
3961
6122
7262
6708
5702
4490
2640
298
-2856
-5400
-6593
-6131
-4889
-3811
-3585
-3810
-2637
-403
2126
3232
3628
3374
2592
1625
-328
-3407
-7148
-10285
-12042
-11116
-8795
-6894
-5509
-4093
-2122
-229
1147
1622
823
-391
-2115
-3838
-5325
-6039
-5777
-4688
-3269
-2084
-821
545
1916
2776
3051
2274
985
115
-66
834
1960
2898
2656
2649
3527
4456
5778
7775
8112
7761
7120
7517
9050
10531
11630
12285
11523
10363
8890
3228
-5559
-14343
-19327
-16356
-9140
-2596
121
667
1364
3116
6232
8844
9548
8059
5916
3768
1192
-2023
-5447
-7826
-8391
-7125
-5641
-4670
-4223
-3454
-1338
1851
4432
5314
4944
3824
2307
262
-2180
-5219
-8607
-11345
-12296
-11591
-9397
-7056
-4665
-2399
-253
1108
1761
1609
1023
-215
-1854
-3870
-5550
-6361
-5768
-4411
-2690
-1265
4
1160
2316
2911
2790
1896
1102
596
919
1768
2398
2928
3860
4615
5407
6281
7463
8139
8321
8074
7794
8495
10006
11319
11524
10793
9588
6927
107
-9599
-16397
-17038
-12465
-5936
-1240
638
90
1193
4076
6900
9355
9266
7275
5046
2489
-340
-3471
-5940
-7334
-7105
-6013
-5004
-4995
-4660
-3059
-578
2471
4469
4843
3512
1538
-989
-3442
-5596
-7239
-8241
-8498
-8216
-7673
-7053
-5884
-3783
-1391
335
882
192
-924
-1902
-2270
-2464
-2884
-3466
-3703
-3159
-2090
-811
298
1346
1975
2429
2433
2412
2214
2436
2710
2942
3585
3849
5128
5890
6233
7155
8468
9279
9537
10357
10084
9992
10367
10041
8850
6385
-615
-9963
-16121
-16177
-11543
-5698
-1374
-226
-1075
106
3138
6296
9219
9500
7623
5452
2617
-455
-3071
-5177
-6256
-6143
-5717
-5447
-6214
-6100
-4320
-1484
1907
4163
3961
2572
94
-2068
-2977
-4131
-5288
-6564
-8101
-8955
-9129
-8017
-5970
-3607
-1652
-775
-910
-959
-905
-583
-347
-882
-2028
-3115
-3451
-2600
-1283
70
1003
1343
1589
2204
2933
3612
4102
4245
4204
4112
4991
5769
7198
7714
8790
8947
9297
10218
11143
11309
10950
10044
9120
2910
-6566
-13194
-15399
-12907
-7066
-2905
-2060
-3286
-3226
-95
4088
8355
9814
8861
7175
5259
2939
746
-1803
-3832
-4833
-5555
-6197
-7662
-8583
-7877
-5271
-1637
1334
2067
1903
1227
789
410
-1093
-2662
-4522
-5863
-6690
-7448
-8212
-8288
-7422
-5747
-4017
-2782
-2099
-1680
-1049
-96
512
372
-319
-1097
-1233
-588
237
1134
1612
1881
2233
2576
3197
3773
4291
5306
6225
6746
7754
8766
9409
9757
10973
11254
11330
11206
9887
8528
7093
1261
-6486
-11718
-12585
-9939
-5606
-2884
-3164
-4059
-3131
175
3762
7319
8176
7255
6016
5052
3934
2432
632
-1504
-2988
-4609
-5912
-7603
-8590
-8099
-6187
-3648
-2233
-1883
-2615
-2332
-1515
-362
-132
-876
-2417
-3743
-4339
-4542
-4628
-4971
-5171
-5386
-5374
-5059
-4441
-3531
-2615
-1605
-1063
-822
-763
-265
679
1971
2915
3265
3141
3356
3874
4128
4467
4545
5165
5678
6282
7444
7637
8424
9776
10414
11483
11745
10475
9897
7459
667
-6162
-9571
-9298
-7469
-4635
-4346
-5813
-5991
-3758
-232
3181
6588
7069
6823
6096
5699
4644
3874
2927
1685
-131
-2543
-4714
-7164
-7731
-7261
-6071
-5241
-4760
-4888
-4729
-4595
-4063
-2739
-2074
-1488
-1955
-2921
-3652
-3493
-3162
-2971
-2971
-3701
-4244
-4493
-3774
-3018
-2000
-1656
-1575
-1610
-933
175
1579
2895
3424
3714
3871
4697
5658
5975
6220
6290
6529
7653
8557
9094
10224
10685
11031
10530
9019
8570
3979
-2463
-6874
-7569
-6664
-4680
-4109
-5434
-6793
-5762
-3013
-792
2626
5235
6473
6671
6404
5854
5367
5684
5287
3790
1069
-1218
-3822
-5679
-6387
-6414
-6131
-6018
-5510
-6338
-6760
-6503
-4954
-3317
-1875
-1834
-2380
-2623
-2328
-1608
-1388
-1457
-2192
-2909
-3698
-4011
-3837
-3215
-2416
-1923
-1525
-1049
169
1143
2213
2690
3244
3855
5008
5951
6386
6930
7675
8353
9004
9679
10064
10532
11011
10658
9405
8219
2639
-3917
-6632
-6873
-6187
-5233
-5616
-6838
-6894
-5497
-3323
-1974
1340
3891
5210
5111
4787
4794
5321
6797
6792
5147
3013
1315
-884
-2456
-3379
-3999
-4293
-5264
-6340
-8298
-9412
-9478
-7906
-6453
-5075
-4431
-3914
-2833
-1373
-41
605
1085
589
-121
-1130
-1700
-1926
-1866
-2071
-2594
-2605
-1808
-197
962
1620
1782
2595
3769
5241
6058
6710
7465
8048
9211
9599
9979
10582
10424
10288
10245
7161
2182
-2370
1682
1907
2199
2283
2070
1800
1702
1928
2286
2495
2410
1967
1163
34
-924
-1243
-830
-191
3
-439
-1032
-1243
-845
-322
-13
-134
-302
-216
95
248
154
22
-1
196
390
331
41
-262
-444
-500
-757
-1360
-2278
-3007
-3279
-3134
-2745
-2579
-2692
-2858
-2618
-2020
-1335
-1051
-1281
-1558
-1576
-1452
-1392
-1519
-1655
-1762
-1606
-1379
-1222
-1017
-727
-182
364
805
965
1069
1065
1062
988
939
752
872
1305
1678
2070
2295
2307
2772
3561
4157
4562
5242
5472
5231
5085
5124
5443
6318
7274
7601
7215
7234
7292
7127
6865
5752
4235
873
-2994
-7458
-9552
-7840
-4188
-1168
-560
-1032
-855
751
3417
4818
5235
4729
4160
3411
1985
299
-1397
-2297
-2892
-3426
-3542
-3699
-3788
-3688
-2958
-1598
-73
421
-470
-1566
-2583
-2831
-2976
-3062
-3642
-4181
-4419
-4597
-4649
-4409
-3855
-3113
-2661
-2353
-2519
-2575
-2552
-2163
-1555
-1198
-1078
-1244
-1155
-557
427
1141
1048
536
37
96
695
1348
1826
2328
2519
2414
2739
3015
3618
4400
5135
5996
6333
6606
6570
6349
6554
7658
9621
10964
11048
10196
8083
6789
4947
1224
-6150
-12977
-14401
-10456
-4998
-1797
-606
-356
1046
4247
6791
7812
6976
5871
4485
2749
625
-1840
-3893
-5590
-6139
-5336
-4177
-3931
-4080
-3296
-1455
1391
3219
3640
3086
2264
1136
-772
-3027
-5970
-7918
-8999
-9359
-8558
-7227
-5668
-4216
-2460
-549
448
550
-133
-930
-1720
-2598
-3623
-4655
-4931
-4265
-2935
-1449
-124
973
1911
2222
2102
1421
909
422
145
407
1178
2234
2695
3575
4194
5217
6262
7116
6992
6554
6437
6228
6417
8195
9645
10265
10168
9465
8889
8727
5798
-104
-8887
-15908
-15870
-10168
-3651
-444
435
800
1489
3961
6122
7262
6708
5702
4490
2640
298
-2856
-5400
-6593
-6131
-4889
-3811
-3585
-3810
-2637
-403
2126
3232
3628
3374
2592
1625
-328
-3407
-7148
-10285
-12042
-11116
-8795
-6894
-5509
-4093
-2122
-229
1147
1622
823
-391
-2115
-3838
-5325
-6039
-5777
-4688
-3269
-2084
-821
545
1916
2776
3051
2274
985
115
-66
834
1960
2898
2656
2649
3527
4456
5778
7775
8112
7761
7120
7517
9050
10531
11630
12285
11523
10363
8890
3228
-5559
-14343
-19327
-16356
-9140
-2596
121
667
1364
3116
6232
8844
9548
8059
5916
3768
1192
-2023
-5447
-7826
-8391
-7125
-5641
-4670
-4223
-3454
-1338
1851
4432
5314
4944
3824
2307
262
-2180
-5219
-8607
-11345
-12296
-11591
-9397
-7056
-4665
-2399
-253
1108
1761
1609
1023
-215
-1854
-3870
-5550
-6361
-5768
-4411
-2690
-1265
4
1160
2316
2911
2790
1896
1102
596
919
1768
2398
2928
3860
4615
5407
6281
7463
8139
8321
8074
7794
8495
10006
11319
11524
10793
9588
6927
107
-9599
-16397
-17038
-12465
-5936
-1240
638
90
1193
4076
6900
9355
9266
7275
5046
2489
-340
-3471
-5940
-7334
-7105
-6013
-5004
-4995
-4660
-3059
-578
2471
4469
4843
3512
1538
-989
-3442
-5596
-7239
-8241
-8498
-8216
-7673
-7053
-5884
-3783
-1391
335
882
192
-924
-1902
-2270
-2464
-2884
-3466
-3703
-3159
-2090
-811
298
1346
1975
2429
2433
2412
2214
2436
2710
2942
3585
3849
5128
5890
6233
7155
8468
9279
9537
10357
10084
9992
10367
10041
8850
6385
-615
-9963
-16121
-16177
-11543
-5698
-1374
-226
-1075
106
3138
6296
9219
9500
7623
5452
2617
-455
-3071
-5177
-6256
-6143
-5717
-5447
-6214
-6100
-4320
-1484
1907
4163
3961
2572
94
-2068
-2977
-4131
-5288
-6564
-8101
-8955
-9129
-8017
-5970
-3607
-1652
-775
-910
-959
-905
-583
-347
-882
-2028
-3115
-3451
-2600
-1283
70
1003
1343
1589
2204
2933
3612
4102
4245
4204
4112
4991
5769
7198
7714
8790
8947
9297
10218
11143
11309
10950
10044
9120
2910
-6566
-13194
-15399
-12907
-7066
-2905
-2060
-3286
-3226
-95
4088
8355
9814
8861
7175
5259
2939
746
-1803
-3832
-4833
-5555
-6197
-7662
-8583
-7877
-5271
-1637
1334
2067
1903
1227
789
410
-1093
-2662
-4522
-5863
-6690
-7448
-8212
-8288
-7422
-5747
-4017
-2782
-2099
-1680
-1049
-96
512
372
-319
-1097
-1233
-588
237
1134
1612
1881
2233
2576
3197
3773
4291
5306
6225
6746
7754
8766
9409
9757
10973
11254
11330
11206
9887
8528
7093
1261
-6486
-11718
-12585
-9939
-5606
-2884
-3164
-4059
-3131
175
3762
7319
8176
7255
6016
5052
3934
2432
632
-1504
-2988
-4609
-5912
-7603
-8590
-8099
-6187
-3648
-2233
-1883
-2615
-2332
-1515
-362
-132
-876
-2417
-3743
-4339
-4542
-4628
-4971
-5171
-5386
-5374
-5059
-4441
-3531
-2615
-1605
-1063
-822
-763
-265
679
1971
2915
3265
3141
3356
3874
4128
4467
4545
5165
5678
6282
7444
7637
8424
9776
10414
11483
11745
10475
9897
7459
667
-6162
-9571
-9298
-7469
-4635
-4346
-5813
-5991
-3758
-232
3181
6588
7069
6823
6096
5699
4644
3874
2927
1685
-131
-2543
-4714
-7164
-7731
-7261
-6071
-5241
-4760
-4888
-4729
-4595
-4063
-2739
-2074
-1488
-1955
-2921
-3652
-3493
-3162
-2971
-2971
-3701
-4244
-4493
-3774
-3018
-2000
-1656
-1575
-1610
-933
175
1579
2895
3424
3714
3871
4697
5658
5975
6220
6290
6529
7653
8557
9094
10224
10685
11031
10530
9019
8570
3979
-2463
-6874
-7569
-6664
-4680
-4109
-5434
-6793
-5762
-3013
-792
2626
5235
6473
6671
6404
5854
5367
5684
5287
3790
1069
-1218
-3822
-5679
-6387
-6414
-6131
-6018
-5510
-6338
-6760
-6503
-4954
-3317
-1875
-1834
-2380
-2623
-2328
-1608
-1388
-1457
-2192
-2909
-3698
-4011
-3837
-3215
-2416
-1923
-1525
-1049
169
1143
2213
2690
3244
3855
5008
5951
6386
6930
7675
8353
9004
9679
10064
10532
11011
10658
9405
8219
2639
-3917
-6632
-6873
-6187
-5233
-5616
-6838
-6894
-5497
-3323
-1974
1340
3891
5210
5111
4787
4794
5321
6797
6792
5147
3013
1315
-884
-2456
-3379
-3999
-4293
-5264
-6340
-8298
-9412
-9478
-7906
-6453
-5075
-4431
-3914
-2833
-1373
-41
605
1085
589
-121
-1130
-1700
-1926
-1866
-2071
-2594
-2605
-1808
-197
962
1620
1782
2595
3769
5241
6058
6710
7465
8048
9211
9599
9979
10582
10424
10288
10245
7161
2182
-2370
1682
1907
2199
2283
2070
1800
1702
1928
2286
2495
2410
1967
1163
34
-924
-1243
-830
-191
3
-439
-1032
-1243
-845
-322
-13
-134
-302
-216
95
248
154
22
-1
196
390
331
41
-262
-444
-500
-757
-1360
-2278
-3007
-3279
-3134
-2745
-2579
-2692
-2858
-2618
-2020
-1335
-1051
-1281
-1558
-1576
-1452
-1392
-1519
-1655
-1762
-1606
-1379
-1222
-1017
-727
-182
364
805
965
1069
1065
1062
988
939
752
872
1305
1678
2070
2295
2307
2772
3561
4157
4562
5242
5472
5231
5085
5124
5443
6318
7274
7601
7215
7234
7292
7127
6865
5752
4235
873
-2994
-7458
-9552
-7840
-4188
-1168
-560
-1032
-855
751
3417
4818
5235
4729
4160
3411
1985
299
-1397
-2297
-2892
-3426
-3542
-3699
-3788
-3688
-2958
-1598
-73
421
-470
-1566
-2583
-2831
-2976
-3062
-3642
-4181
-4419
-4597
-4649
-4409
-3855
-3113
-2661
-2353
-2519
-2575
-2552
-2163
-1555
-1198
-1078
-1244
-1155
-557
427
1141
1048
536
37
96
695
1348
1826
2328
2519
2414
2739
3015
3618
4400
5135
5996
6333
6606
6570
6349
6554
7658
9621
10964
11048
10196
8083
6789
4947
1224
-6150
-12977
-14401
-10456
-4998
-1797
-606
-356
1046
4247
6791
7812
6976
5871
4485
2749
625
-1840
-3893
-5590
-6139
-5336
-4177
-3931
-4080
-3296
-1455
1391
3219
3640
3086
2264
1136
-772
-3027
-5970
-7918
-8999
-9359
-8558
-7227
-5668
-4216
-2460
-549
448
550
-133
-930
-1720
-2598
-3623
-4655
-4931
-4265
-2935
-1449
-124
973
1911
2222
2102
1421
909
422
145
407
1178
2234
2695
3575
4194
5217
6262
7116
6992
6554
6437
6228
6417
8195
9645
10265
10168
9465
8889
8727
5798
-104
-8887
-15908
-15870
-10168
-3651
-444
435
800
1489
3961
6122
7262
6708
5702
4490
2640
298
-2856
-5400
-6593
-6131
-4889
-3811
-3585
-3810
-2637
-403
2126
3232
3628
3374
2592
1625
-328
-3407
-7148
-10285
-12042
-11116
-8795
-6894
-5509
-4093
-2122
-229
1147
1622
823
-391
-2115
-3838
-5325
-6039
-5777
-4688
-3269
-2084
-821
545
1916
2776
3051
2274
985
115
-66
834
1960
2898
2656
2649
3527
4456
5778
7775
8112
7761
7120
7517
9050
10531
11630
12285
11523
10363
8890
3228
-5559
-14343
-19327
-16356
-9140
-2596
121
667
1364
3116
6232
8844
9548
8059
5916
3768
1192
-2023
-5447
-7826
-8391
-7125
-5641
-4670
-4223
-3454
-1338
1851
4432
5314
4944
3824
2307
262
-2180
-5219
-8607
-11345
-12296
-11591
-9397
-7056
-4665
-2399
-253
1108
1761
1609
1023
-215
-1854
-3870
-5550
-6361
-5768
-4411
-2690
-1265
4
1160
2316
2911
2790
1896
1102
596
919
1768
2398
2928
3860
4615
5407
6281
7463
8139
8321
8074
7794
8495
10006
11319
11524
10793
9588
6927
107
-9599
-16397
-17038
-12465
-5936
-1240
638
90
1193
4076
6900
9355
9266
7275
5046
2489
-340
-3471
-5940
-7334
-7105
-6013
-5004
-4995
-4660
-3059
-578
2471
4469
4843
3512
1538
-989
-3442
-5596
-7239
-8241
-8498
-8216
-7673
-7053
-5884
-3783
-1391
335
882
192
-924
-1902
-2270
-2464
-2884
-3466
-3703
-3159
-2090
-811
298
1346
1975
2429
2433
2412
2214
2436
2710
2942
3585
3849
5128
5890
6233
7155
8468
9279
9537
10357
10084
9992
10367
10041
8850
6385
-615
-9963
-16121
-16177
-11543
-5698
-1374
-226
-1075
106
3138
6296
9219
9500
7623
5452
2617
-455
-3071
-5177
-6256
-6143
-5717
-5447
-6214
-6100
-4320
-1484
1907
4163
3961
2572
94
-2068
-2977
-4131
-5288
-6564
-8101
-8955
-9129
-8017
-5970
-3607
-1652
-775
-910
-959
-905
-583
-347
-882
-2028
-3115
-3451
-2600
-1283
70
1003
1343
1589
2204
2933
3612
4102
4245
4204
4112
4991
5769
7198
7714
8790
8947
9297
10218
11143
11309
10950
10044
9120
2910
-6566
-13194
-15399
-12907
-7066
-2905
-2060
-3286
-3226
-95
4088
8355
9814
8861
7175
5259
2939
746
-1803
-3832
-4833
-5555
-6197
-7662
-8583
-7877
-5271
-1637
1334
2067
1903
1227
789
410
-1093
-2662
-4522
-5863
-6690
-7448
-8212
-8288
-7422
-5747
-4017
-2782
-2099
-1680
-1049
-96
512
372
-319
-1097
-1233
-588
237
1134
1612
1881
2233
2576
3197
3773
4291
5306
6225
6746
7754
8766
9409
9757
10973
11254
11330
11206
9887
8528
7093
1261
-6486
-11718
-12585
-9939
-5606
-2884
-3164
-4059
-3131
175
3762
7319
8176
7255
6016
5052
3934
2432
632
-1504
-2988
-4609
-5912
-7603
-8590
-8099
-6187
-3648
-2233
-1883
-2615
-2332
-1515
-362
-132
-876
-2417
-3743
-4339
-4542
-4628
-4971
-5171
-5386
-5374
-5059
-4441
-3531
-2615
-1605
-1063
-822
-763
-265
679
1971
2915
3265
3141
3356
3874
4128
4467
4545
5165
5678
6282
7444
7637
8424
9776
10414
11483
11745
10475
9897
7459
667
-6162
-9571
-9298
-7469
-4635
-4346
-5813
-5991
-3758
-232
3181
6588
7069
6823
6096
5699
4644
3874
2927
1685
-131
-2543
-4714
-7164
-7731
-7261
-6071
-5241
-4760
-4888
-4729
-4595
-4063
-2739
-2074
-1488
-1955
-2921
-3652
-3493
-3162
-2971
-2971
-3701
-4244
-4493
-3774
-3018
-2000
-1656
-1575
-1610
-933
175
1579
2895
3424
3714
3871
4697
5658
5975
6220
6290
6529
7653
8557
9094
10224
10685
11031
10530
9019
8570
3979
-2463
-6874
-7569
-6664
-4680
-4109
-5434
-6793
-5762
-3013
-792
2626
5235
6473
6671
6404
5854
5367
5684
5287
3790
1069
-1218
-3822
-5679
-6387
-6414
-6131
-6018
-5510
-6338
-6760
-6503
-4954
-3317
-1875
-1834
-2380
-2623
-2328
-1608
-1388
-1457
-2192
-2909
-3698
-4011
-3837
-3215
-2416
-1923
-1525
-1049
169
1143
2213
2690
3244
3855
5008
5951
6386
6930
7675
8353
9004
9679
10064
10532
11011
10658
9405
8219
2639
-3917
-6632
-6873
-6187
-5233
-5616
-6838
-6894
-5497
-3323
-1974
1340
3891
5210
5111
4787
4794
5321
6797
6792
5147
3013
1315
-884
-2456
-3379
-3999
-4293
-5264
-6340
-8298
-9412
-9478
-7906
-6453
-5075
-4431
-3914
-2833
-1373
-41
605
1085
589
-121
-1130
-1700
-1926
-1866
-2071
-2594
-2605
-1808
-197
962
1620
1782
2595
3769
5241
6058
6710
7465
8048
9211
9599
9979
10582
10424
10288
10245
7161
2182
-2370
1682
1907
2199
2283
2070
1800
1702
1928
2286
2495
2410
1967
1163
34
-924
-1243
-830
-191
3
-439
-1032
-1243
-845
-322
-13
-134
-302
-216
95
248
154
22
-1
196
390
331
41
-262
-444
-500
-757
-1360
-2278
-3007
-3279
-3134
-2745
-2579
-2692
-2858
-2618
-2020
-1335
-1051
-1281
-1558
-1576
-1452
-1392
-1519
-1655
-1762
-1606
-1379
-1222
-1017
-727
-182
364
805
965
1069
1065
1062
988
939
752
872
1305
1678
2070
2295
2307
2772
3561
4157
4562
5242
5472
5231
5085
5124
5443
6318
7274
7601
7215
7234
7292
7127
6865
5752
4235
873
-2994
-7458
-9552
-7840
-4188
-1168
-560
-1032
-855
751
3417
4818
5235
4729
4160
3411
1985
299
-1397
-2297
-2892
-3426
-3542
-3699
-3788
-3688
-2958
-1598
-73
421
-470
-1566
-2583
-2831
-2976
-3062
-3642
-4181
-4419
-4597
-4649
-4409
-3855
-3113
-2661
-2353
-2519
-2575
-2552
-2163
-1555
-1198
-1078
-1244
-1155
-557
427
1141
1048
536
37
96
695
1348
1826
2328
2519
2414
2739
3015
3618
4400
5135
5996
6333
6606
6570
6349
6554
7658
9621
10964
11048
10196
8083
6789
4947
1224
-6150
-12977
-14401
-10456
-4998
-1797
-606
-356
1046
4247
6791
7812
6976
5871
4485
2749
625
-1840
-3893
-5590
-6139
-5336
-4177
-3931
-4080
-3296
-1455
1391
3219
3640
3086
2264
1136
-772
-3027
-5970
-7918
-8999
-9359
-8558
-7227
-5668
-4216
-2460
-549
448
550
-133
-930
-1720
-2598
-3623
-4655
-4931
-4265
-2935
-1449
-124
973
1911
2222
2102
1421
909
422
145
407
1178
2234
2695
3575
4194
5217
6262
7116
6992
6554
6437
6228
6417
8195
9645
10265
10168
9465
8889
8727
5798
-104
-8887
-15908
-15870
-10168
-3651
-444
435
800
1489
3961
6122
7262
6708
5702
4490
2640
298
-2856
-5400
-6593
-6131
-4889
-3811
-3585
-3810
-2637
-403
2126
3232
3628
3374
2592
1625
-328
-3407
-7148
-10285
-12042
-11116
-8795
-6894
-5509
-4093
-2122
-229
1147
1622
823
-391
-2115
-3838
-5325
-6039
-5777
-4688
-3269
-2084
-821
545
1916
2776
3051
2274
985
115
-66
834
1960
2898
2656
2649
3527
4456
5778
7775
8112
7761
7120
7517
9050
10531
11630
12285
11523
10363
8890
3228
-5559
-14343
-19327
-16356
-9140
-2596
121
667
1364
3116
6232
8844
9548
8059
5916
3768
1192
-2023
-5447
-7826
-8391
-7125
-5641
-4670
-4223
-3454
-1338
1851
4432
5314
4944
3824
2307
262
-2180
-5219
-8607
-11345
-12296
-11591
-9397
-7056
-4665
-2399
-253
1108
1761
1609
1023
-215
-1854
-3870
-5550
-6361
-5768
-4411
-2690
-1265
4
1160
2316
2911
2790
1896
1102
596
919
1768
2398
2928
3860
4615
5407
6281
7463
8139
8321
8074
7794
8495
10006
11319
11524
10793
9588
6927
107
-9599
-16397
-17038
-12465
-5936
-1240
638
90
1193
4076
6900
9355
9266
7275
5046
2489
-340
-3471
-5940
-7334
-7105
-6013
-5004
-4995
-4660
-3059
-578
2471
4469
4843
3512
1538
-989
-3442
-5596
-7239
-8241
-8498
-8216
-7673
-7053
-5884
-3783
-1391
335
882
192
-924
-1902
-2270
-2464
-2884
-3466
-3703
-3159
-2090
-811
298
1346
1975
2429
2433
2412
2214
2436
2710
2942
3585
3849
5128
5890
6233
7155
8468
9279
9537
10357
10084
9992
10367
10041
8850
6385
-615
-9963
-16121
-16177
-11543
-5698
-1374
-226
-1075
106
3138
6296
9219
9500
7623
5452
2617
-455
-3071
-5177
-6256
-6143
-5717
-5447
-6214
-6100
-4320
-1484
1907
4163
3961
2572
94
-2068
-2977
-4131
-5288
-6564
-8101
-8955
-9129
-8017
-5970
-3607
-1652
-775
-910
-959
-905
-583
-347
-882
-2028
-3115
-3451
-2600
-1283
70
1003
1343
1589
2204
2933
3612
4102
4245
4204
4112
4991
5769
7198
7714
8790
8947
9297
10218
11143
11309
10950
10044
9120
2910
-6566
-13194
-15399
-12907
-7066
-2905
-2060
-3286
-3226
-95
4088
8355
9814
8861
7175
5259
2939
746
-1803
-3832
-4833
-5555
-6197
-7662
-8583
-7877
-5271
-1637
1334
2067
1903
1227
789
410
-1093
-2662
-4522
-5863
-6690
-7448
-8212
-8288
-7422
-5747
-4017
-2782
-2099
-1680
-1049
-96
512
372
-319
-1097
-1233
-588
237
1134
1612
1881
2233
2576
3197
3773
4291
5306
6225
6746
7754
8766
9409
9757
10973
11254
11330
11206
9887
8528
7093
1261
-6486
-11718
-12585
-9939
-5606
-2884
-3164
-4059
-3131
175
3762
7319
8176
7255
6016
5052
3934
2432
632
-1504
-2988
-4609
-5912
-7603
-8590
-8099
-6187
-3648
-2233
-1883
-2615
-2332
-1515
-362
-132
-876
-2417
-3743
-4339
-4542
-4628
-4971
-5171
-5386
-5374
-5059
-4441
-3531
-2615
-1605
-1063
-822
-763
-265
679
1971
2915
3265
3141
3356
3874
4128
4467
4545
5165
5678
6282
7444
7637
8424
9776
10414
11483
11745
10475
9897
7459
667
-6162
-9571
-9298
-7469
-4635
-4346
-5813
-5991
-3758
-232
3181
6588
7069
6823
6096
5699
4644
3874
2927
1685
-131
-2543
-4714
-7164
-7731
-7261
-6071
-5241
-4760
-4888
-4729
-4595
-4063
-2739
-2074
-1488
-1955
-2921
-3652
-3493
-3162
-2971
-2971
-3701
-4244
-4493
-3774
-3018
-2000
-1656
-1575
-1610
-933
175
1579
2895
3424
3714
3871
4697
5658
5975
6220
6290
6529
7653
8557
9094
10224
10685
11031
10530
9019
8570
3979
-2463
-6874
-7569
-6664
-4680
-4109
-5434
-6793
-5762
-3013
-792
2626
5235
6473
6671
6404
5854
5367
5684
5287
3790
1069
-1218
-3822
-5679
-6387
-6414
-6131
-6018
-5510
-6338
-6760
-6503
-4954
-3317
-1875
-1834
-2380
-2623
-2328
-1608
-1388
-1457
-2192
-2909
-3698
-4011
-3837
-3215
-2416
-1923
-1525
-1049
169
1143
2213
2690
3244
3855
5008
5951
6386
6930
7675
8353
9004
9679
10064
10532
11011
10658
9405
8219
2639
-3917
-6632
-6873
-6187
-5233
-5616
-6838
-6894
-5497
-3323
-1974
1340
3891
5210
5111
4787
4794
5321
6797
6792
5147
3013
1315
-884
-2456
-3379
-3999
-4293
-5264
-6340
-8298
-9412
-9478
-7906
-6453
-5075
-4431
-3914
-2833
-1373
-41
605
1085
589
-121
-1130
-1700
-1926
-1866
-2071
-2594
-2605
-1808
-197
962
1620
1782
2595
3769
5241
6058
6710
7465
8048
9211
9599
9979
10582
10424
10288
10245
7161
2182
-2370
1682
1907
2199
2283
2070
1800
1702
1928
2286
2495
2410
1967
1163
34
-924
-1243
-830
-191
3
-439
-1032
-1243
-845
-322
-13
-134
-302
-216
95
248
154
22
-1
196
390
331
41
-262
-444
-500
-757
-1360
-2278
-3007
-3279
-3134
-2745
-2579
-2692
-2858
-2618
-2020
-1335
-1051
-1281
-1558
-1576
-1452
-1392
-1519
-1655
-1762
-1606
-1379
-1222
-1017
-727
-182
364
805
965
1069
1065
1062
988
939
752
872
1305
1678
2070
2295
2307
2772
3561
4157
4562
5242
5472
5231
5085
5124
5443
6318
7274
7601
7215
7234
7292
7127
6865
5752
4235
873
-2994
-7458
-9552
-7840
-4188
-1168
-560
-1032
-855
751
3417
4818
5235
4729
4160
3411
1985
299
-1397
-2297
-2892
-3426
-3542
-3699
-3788
-3688
-2958
-1598
-73
421
-470
-1566
-2583
-2831
-2976
-3062
-3642
-4181
-4419
-4597
-4649
-4409
-3855
-3113
-2661
-2353
-2519
-2575
-2552
-2163
-1555
-1198
-1078
-1244
-1155
-557
427
1141
1048
536
37
96
695
1348
1826
2328
2519
2414
2739
3015
3618
4400
5135
5996
6333
6606
6570
6349
6554
7658
9621
10964
11048
10196
8083
6789
4947
1224
-6150
-12977
-14401
-10456
-4998
-1797
-606
-356
1046
4247
6791
7812
6976
5871
4485
2749
625
-1840
-3893
-5590
-6139
-5336
-4177
-3931
-4080
-3296
-1455
1391
3219
3640
3086
2264
1136
-772
-3027
-5970
-7918
-8999
-9359
-8558
-7227
-5668
-4216
-2460
-549
448
550
-133
-930
-1720
-2598
-3623
-4655
-4931
-4265
-2935
-1449
-124
973
1911
2222
2102
1421
909
422
145
407
1178
2234
2695
3575
4194
5217
6262
7116
6992
6554
6437
6228
6417
8195
9645
10265
10168
9465
8889
8727
5798
-104
-8887
-15908
-15870
-10168
-3651
-444
435
800
1489
3961
6122
7262
6708
5702
4490
2640
298
-2856
-5400
-6593
-6131
-4889
-3811
-3585
-3810
-2637
-403
2126
3232
3628
3374
2592
1625
-328
-3407
-7148
-10285
-12042
-11116
-8795
-6894
-5509
-4093
-2122
-229
1147
1622
823
-391
-2115
-3838
-5325
-6039
-5777
-4688
-3269
-2084
-821
545
1916
2776
3051
2274
985
115
-66
834
1960
2898
2656
2649
3527
4456
5778
7775
8112
7761
7120
7517
9050
10531
11630
12285
11523
10363
8890
3228
-5559
-14343
-19327
-16356
-9140
-2596
121
667
1364
3116
6232
8844
9548
8059
5916
3768
1192
-2023
-5447
-7826
-8391
-7125
-5641
-4670
-4223
-3454
-1338
1851
4432
5314
4944
3824
2307
262
-2180
-5219
-8607
-11345
-12296
-11591
-9397
-7056
-4665
-2399
-253
1108
1761
1609
1023
-215
-1854
-3870
-5550
-6361
-5768
-4411
-2690
-1265
4
1160
2316
2911
2790
1896
1102
596
919
1768
2398
2928
3860
4615
5407
6281
7463
8139
8321
8074
7794
8495
10006
11319
11524
10793
9588
6927
107
-9599
-16397
-17038
-12465
-5936
-1240
638
90
1193
4076
6900
9355
9266
7275
5046
2489
-340
-3471
-5940
-7334
-7105
-6013
-5004
-4995
-4660
-3059
-578
2471
4469
4843
3512
1538
-989
-3442
-5596
-7239
-8241
-8498
-8216
-7673
-7053
-5884
-3783
-1391
335
882
192
-924
-1902
-2270
-2464
-2884
-3466
-3703
-3159
-2090
-811
298
1346
1975
2429
2433
2412
2214
2436
2710
2942
3585
3849
5128
5890
6233
7155
8468
9279
9537
10357
10084
9992
10367
10041
8850
6385
-615
-9963
-16121
-16177
-11543
-5698
-1374
-226
-1075
106
3138
6296
9219
9500
7623
5452
2617
-455
-3071
-5177
-6256
-6143
-5717
-5447
-6214
-6100
-4320
-1484
1907
4163
3961
2572
94
-2068
-2977
-4131
-5288
-6564
-8101
-8955
-9129
-8017
-5970
-3607
-1652
-775
-910
-959
-905
-583
-347
-882
-2028
-3115
-3451
-2600
-1283
70
1003
1343
1589
2204
2933
3612
4102
4245
4204
4112
4991
5769
7198
7714
8790
8947
9297
10218
11143
11309
10950
10044
9120
2910
-6566
-13194
-15399
-12907
-7066
-2905
-2060
-3286
-3226
-95
4088
8355
9814
8861
7175
5259
2939
746
-1803
-3832
-4833
-5555
-6197
-7662
-8583
-7877
-5271
-1637
1334
2067
1903
1227
789
410
-1093
-2662
-4522
-5863
-6690
-7448
-8212
-8288
-7422
-5747
-4017
-2782
-2099
-1680
-1049
-96
512
372
-319
-1097
-1233
-588
237
1134
1612
1881
2233
2576
3197
3773
4291
5306
6225
6746
7754
8766
9409
9757
10973
11254
11330
11206
9887
8528
7093
1261
-6486
-11718
-12585
-9939
-5606
-2884
-3164
-4059
-3131
175
3762
7319
8176
7255
6016
5052
3934
2432
632
-1504
-2988
-4609
-5912
-7603
-8590
-8099
-6187
-3648
-2233
-1883
-2615
-2332
-1515
-362
-132
-876
-2417
-3743
-4339
-4542
-4628
-4971
-5171
-5386
-5374
-5059
-4441
-3531
-2615
-1605
-1063
-822
-763
-265
679
1971
2915
3265
3141
3356
3874
4128
4467
4545
5165
5678
6282
7444
7637
8424
9776
10414
11483
11745
10475
9897
7459
667
-6162
-9571
-9298
-7469
-4635
-4346
-5813
-5991
-3758
-232
3181
6588
7069
6823
6096
5699
4644
3874
2927
1685
-131
-2543
-4714
-7164
-7731
-7261
-6071
-5241
-4760
-4888
-4729
-4595
-4063
-2739
-2074
-1488
-1955
-2921
-3652
-3493
-3162
-2971
-2971
-3701
-4244
-4493
-3774
-3018
-2000
-1656
-1575
-1610
-933
175
1579
2895
3424
3714
3871
4697
5658
5975
6220
6290
6529
7653
8557
9094
10224
10685
11031
10530
9019
8570
3979
-2463
-6874
-7569
-6664
-4680
-4109
-5434
-6793
-5762
-3013
-792
2626
5235
6473
6671
6404
5854
5367
5684
5287
3790
1069
-1218
-3822
-5679
-6387
-6414
-6131
-6018
-5510
-6338
-6760
-6503
-4954
-3317
-1875
-1834
-2380
-2623
-2328
-1608
-1388
-1457
-2192
-2909
-3698
-4011
-3837
-3215
-2416
-1923
-1525
-1049
169
1143
2213
2690
3244
3855
5008
5951
6386
6930
7675
8353
9004
9679
10064
10532
11011
10658
9405
8219
2639
-3917
-6632
-6873
-6187
-5233
-5616
-6838
-6894
-5497
-3323
-1974
1340
3891
5210
5111
4787
4794
5321
6797
6792
5147
3013
1315
-884
-2456
-3379
-3999
-4293
-5264
-6340
-8298
-9412
-9478
-7906
-6453
-5075
-4431
-3914
-2833
-1373
-41
605
1085
589
-121
-1130
-1700
-1926
-1866
-2071
-2594
-2605
-1808
-197
962
1620
1782
2595
3769
5241
6058
6710
7465
8048
9211
9599
9979
10582
10424
10288
10245
7161
2182
-2370
1682
1907
2199
2283
2070
1800
1702
1928
2286
2495
2410
1967
1163
34
-924
-1243
-830
-191
3
-439
-1032
-1243
-845
-322
-13
-134
-302
-216
95
248
154
22
-1
196
390
331
41
-262
-444
-500
-757
-1360
-2278
-3007
-3279
-3134
-2745
-2579
-2692
-2858
-2618
-2020
-1335
-1051
-1281
-1558
-1576
-1452
-1392
-1519
-1655
-1762
-1606
-1379
-1222
-1017
-727
-182
364
805
965
1069
1065
1062
988
939
752
872
1305
1678
2070
2295
2307
2772
3561
4157
4562
5242
5472
5231
5085
5124
5443
6318
7274
7601
7215
7234
7292
7127
6865
5752
4235
873
-2994
-7458
-9552
-7840
-4188
-1168
-560
-1032
-855
751
3417
4818
5235
4729
4160
3411
1985
299
-1397
-2297
-2892
-3426
-3542
-3699
-3788
-3688
-2958
-1598
-73
421
-470
-1566
-2583
-2831
-2976
-3062
-3642
-4181
-4419
-4597
-4649
-4409
-3855
-3113
-2661
-2353
-2519
-2575
-2552
-2163
-1555
-1198
-1078
-1244
-1155
-557
427
1141
1048
536
37
96
695
1348
1826
2328
2519
2414
2739
3015
3618
4400
5135
5996
6333
6606
6570
6349
6554
7658
9621
10964
11048
10196
8083
6789
4947
1224
-6150
-12977
-14401
-10456
-4998
-1797
-606
-356
1046
4247
6791
7812
6976
5871
4485
2749
625
-1840
-3893
-5590
-6139
-5336
-4177
-3931
-4080
-3296
-1455
1391
3219
3640
3086
2264
1136
-772
-3027
-5970
-7918
-8999
-9359
-8558
-7227
-5668
-4216
-2460
-549
448
550
-133
-930
-1720
-2598
-3623
-4655
-4931
-4265
-2935
-1449
-124
973
1911
2222
2102
1421
909
422
145
407
1178
2234
2695
3575
4194
5217
6262
7116
6992
6554
6437
6228
6417
8195
9645
10265
10168
9465
8889
8727
5798
-104
-8887
-15908
-15870
-10168
-3651
-444
435
800
1489
3961
6122
7262
6708
5702
4490
2640
298
-2856
-5400
-6593
-6131
-4889
-3811
-3585
-3810
-2637
-403
2126
3232
3628
3374
2592
1625
-328
-3407
-7148
-10285
-12042
-11116
-8795
-6894
-5509
-4093
-2122
-229
1147
1622
823
-391
-2115
-3838
-5325
-6039
-5777
-4688
-3269
-2084
-821
545
1916
2776
3051
2274
985
115
-66
834
1960
2898
2656
2649
3527
4456
5778
7775
8112
7761
7120
7517
9050
10531
11630
12285
11523
10363
8890
3228
-5559
-14343
-19327
-16356
-9140
-2596
121
667
1364
3116
6232
8844
9548
8059
5916
3768
1192
-2023
-5447
-7826
-8391
-7125
-5641
-4670
-4223
-3454
-1338
1851
4432
5314
4944
3824
2307
262
-2180
-5219
-8607
-11345
-12296
-11591
-9397
-7056
-4665
-2399
-253
1108
1761
1609
1023
-215
-1854
-3870
-5550
-6361
-5768
-4411
-2690
-1265
4
1160
2316
2911
2790
1896
1102
596
919
1768
2398
2928
3860
4615
5407
6281
7463
8139
8321
8074
7794
8495
10006
11319
11524
10793
9588
6927
107
-9599
-16397
-17038
-12465
-5936
-1240
638
90
1193
4076
6900
9355
9266
7275
5046
2489
-340
-3471
-5940
-7334
-7105
-6013
-5004
-4995
-4660
-3059
-578
2471
4469
4843
3512
1538
-989
-3442
-5596
-7239
-8241
-8498
-8216
-7673
-7053
-5884
-3783
-1391
335
882
192
-924
-1902
-2270
-2464
-2884
-3466
-3703
-3159
-2090
-811
298
1346
1975
2429
2433
2412
2214
2436
2710
2942
3585
3849
5128
5890
6233
7155
8468
9279
9537
10357
10084
9992
10367
10041
8850
6385
-615
-9963
-16121
-16177
-11543
-5698
-1374
-226
-1075
106
3138
6296
9219
9500
7623
5452
2617
-455
-3071
-5177
-6256
-6143
-5717
-5447
-6214
-6100
-4320
-1484
1907
4163
3961
2572
94
-2068
-2977
-4131
-5288
-6564
-8101
-8955
-9129
-8017
-5970
-3607
-1652
-775
-910
-959
-905
-583
-347
-882
-2028
-3115
-3451
-2600
-1283
70
1003
1343
1589
2204
2933
3612
4102
4245
4204
4112
4991
5769
7198
7714
8790
8947
9297
10218
11143
11309
10950
10044
9120
2910
-6566
-13194
-15399
-12907
-7066
-2905
-2060
-3286
-3226
-95
4088
8355
9814
8861
7175
5259
2939
746
-1803
-3832
-4833
-5555
-6197
-7662
-8583
-7877
-5271
-1637
1334
2067
1903
1227
789
410
-1093
-2662
-4522
-5863
-6690
-7448
-8212
-8288
-7422
-5747
-4017
-2782
-2099
-1680
-1049
-96
512
372
-319
-1097
-1233
-588
237
1134
1612
1881
2233
2576
3197
3773
4291
5306
6225
6746
7754
8766
9409
9757
10973
11254
11330
11206
9887
8528
7093
1261
-6486
-11718
-12585
-9939
-5606
-2884
-3164
-4059
-3131
175
3762
7319
8176
7255
6016
5052
3934
2432
632
-1504
-2988
-4609
-5912
-7603
-8590
-8099
-6187
-3648
-2233
-1883
-2615
-2332
-1515
-362
-132
-876
-2417
-3743
-4339
-4542
-4628
-4971
-5171
-5386
-5374
-5059
-4441
-3531
-2615
-1605
-1063
-822
-763
-265
679
1971
2915
3265
3141
3356
3874
4128
4467
4545
5165
5678
6282
7444
7637
8424
9776
10414
11483
11745
10475
9897
7459
667
-6162
-9571
-9298
-7469
-4635
-4346
-5813
-5991
-3758
-232
3181
6588
7069
6823
6096
5699
4644
3874
2927
1685
-131
-2543
-4714
-7164
-7731
-7261
-6071
-5241
-4760
-4888
-4729
-4595
-4063
-2739
-2074
-1488
-1955
-2921
-3652
-3493
-3162
-2971
-2971
-3701
-4244
-4493
-3774
-3018
-2000
-1656
-1575
-1610
-933
175
1579
2895
3424
3714
3871
4697
5658
5975
6220
6290
6529
7653
8557
9094
10224
10685
11031
10530
9019
8570
3979
-2463
-6874
-7569
-6664
-4680
-4109
-5434
-6793
-5762
-3013
-792
2626
5235
6473
6671
6404
5854
5367
5684
5287
3790
1069
-1218
-3822
-5679
-6387
-6414
-6131
-6018
-5510
-6338
-6760
-6503
-4954
-3317
-1875
-1834
-2380
-2623
-2328
-1608
-1388
-1457
-2192
-2909
-3698
-4011
-3837
-3215
-2416
-1923
-1525
-1049
169
1143
2213
2690
3244
3855
5008
5951
6386
6930
7675
8353
9004
9679
10064
10532
11011
10658
9405
8219
2639
-3917
-6632
-6873
-6187
-5233
-5616
-6838
-6894
-5497
-3323
-1974
1340
3891
5210
5111
4787
4794
5321
6797
6792
5147
3013
1315
-884
-2456
-3379
-3999
-4293
-5264
-6340
-8298
-9412
-9478
-7906
-6453
-5075
-4431
-3914
-2833
-1373
-41
605
1085
589
-121
-1130
-1700
-1926
-1866
-2071
-2594
-2605
-1808
-197
962
1620
1782
2595
3769
5241
6058
6710
7465
8048
9211
9599
9979
10582
10424
10288
10245
7161
2182
-2370
1682
1907
2199
2283
2070
1800
1702
1928
2286
2495
2410
1967
1163
34
-924
-1243
-830
-191
3
-439
-1032
-1243
-845
-322
-13
-134
-302
-216
95
248
154
22
-1
196
390
331
41
-262
-444
-500
-757
-1360
-2278
-3007
-3279
-3134
-2745
-2579
-2692
-2858
-2618
-2020
-1335
-1051
-1281
-1558
-1576
-1452
-1392
-1519
-1655
-1762
-1606
-1379
-1222
-1017
-727
-182
364
805
965
1069
1065
1062
988
939
752
872
1305
1678
2070
2295
2307
2772
3561
4157
4562
5242
5472
5231
5085
5124
5443
6318
7274
7601
7215
7234
7292
7127
6865
5752
4235
873
-2994
-7458
-9552
-7840
-4188
-1168
-560
-1032
-855
751
3417
4818
5235
4729
4160
3411
1985
299
-1397
-2297
-2892
-3426
-3542
-3699
-3788
-3688
-2958
-1598
-73
421
-470
-1566
-2583
-2831
-2976
-3062
-3642
-4181
-4419
-4597
-4649
-4409
-3855
-3113
-2661
-2353
-2519
-2575
-2552
-2163
-1555
-1198
-1078
-1244
-1155
-557
427
1141
1048
536
37
96
695
1348
1826
2328
2519
2414
2739
3015
3618
4400
5135
5996
6333
6606
6570
6349
6554
7658
9621
10964
11048
10196
8083
6789
4947
1224
-6150
-12977
-14401
-10456
-4998
-1797
-606
-356
1046
4247
6791
7812
6976
5871
4485
2749
625
-1840
-3893
-5590
-6139
-5336
-4177
-3931
-4080
-3296
-1455
1391
3219
3640
3086
2264
1136
-772
-3027
-5970
-7918
-8999
-9359
-8558
-7227
-5668
-4216
-2460
-549
448
550
-133
-930
-1720
-2598
-3623
-4655
-4931
-4265
-2935
-1449
-124
973
1911
2222
2102
1421
909
422
145
407
1178
2234
2695
3575
4194
5217
6262
7116
6992
6554
6437
6228
6417
8195
9645
10265
10168
9465
8889
8727
5798
-104
-8887
-15908
-15870
-10168
-3651
-444
435
800
1489
3961
6122
7262
6708
5702
4490
2640
298
-2856
-5400
-6593
-6131
-4889
-3811
-3585
-3810
-2637
-403
2126
3232
3628
3374
2592
1625
-328
-3407
-7148
-10285
-12042
-11116
-8795
-6894
-5509
-4093
-2122
-229
1147
1622
823
-391
-2115
-3838
-5325
-6039
-5777
-4688
-3269
-2084
-821
545
1916
2776
3051
2274
985
115
-66
834
1960
2898
2656
2649
3527
4456
5778
7775
8112
7761
7120
7517
9050
10531
11630
12285
11523
10363
8890
3228
-5559
-14343
-19327
-16356
-9140
-2596
121
667
1364
3116
6232
8844
9548
8059
5916
3768
1192
-2023
-5447
-7826
-8391
-7125
-5641
-4670
-4223
-3454
-1338
1851
4432
5314
4944
3824
2307
262
-2180
-5219
-8607
-11345
-12296
-11591
-9397
-7056
-4665
-2399
-253
1108
1761
1609
1023
-215
-1854
-3870
-5550
-6361
-5768
-4411
-2690
-1265
4
1160
2316
2911
2790
1896
1102
596
919
1768
2398
2928
3860
4615
5407
6281
7463
8139
8321
8074
7794
8495
10006
11319
11524
10793
9588
6927
107
-9599
-16397
-17038
-12465
-5936
-1240
638
90
1193
4076
6900
9355
9266
7275
5046
2489
-340
-3471
-5940
-7334
-7105
-6013
-5004
-4995
-4660
-3059
-578
2471
4469
4843
3512
1538
-989
-3442
-5596
-7239
-8241
-8498
-8216
-7673
-7053
-5884
-3783
-1391
335
882
192
-924
-1902
-2270
-2464
-2884
-3466
-3703
-3159
-2090
-811
298
1346
1975
2429
2433
2412
2214
2436
2710
2942
3585
3849
5128
5890
6233
7155
8468
9279
9537
10357
10084
9992
10367
10041
8850
6385
-615
-9963
-16121
-16177
-11543
-5698
-1374
-226
-1075
106
3138
6296
9219
9500
7623
5452
2617
-455
-3071
-5177
-6256
-6143
-5717
-5447
-6214
-6100
-4320
-1484
1907
4163
3961
2572
94
-2068
-2977
-4131
-5288
-6564
-8101
-8955
-9129
-8017
-5970
-3607
-1652
-775
-910
-959
-905
-583
-347
-882
-2028
-3115
-3451
-2600
-1283
70
1003
1343
1589
2204
2933
3612
4102
4245
4204
4112
4991
5769
7198
7714
8790
8947
9297
10218
11143
11309
10950
10044
9120
2910
-6566
-13194
-15399
-12907
-7066
-2905
-2060
-3286
-3226
-95
4088
8355
9814
8861
7175
5259
2939
746
-1803
-3832
-4833
-5555
-6197
-7662
-8583
-7877
-5271
-1637
1334
2067
1903
1227
789
410
-1093
-2662
-4522
-5863
-6690
-7448
-8212
-8288
-7422
-5747
-4017
-2782
-2099
-1680
-1049
-96
512
372
-319
-1097
-1233
-588
237
1134
1612
1881
2233
2576
3197
3773
4291
5306
6225
6746
7754
8766
9409
9757
10973
11254
11330
11206
9887
8528
7093
1261
-6486
-11718
-12585
-9939
-5606
-2884
-3164
-4059
-3131
175
3762
7319
8176
7255
6016
5052
3934
2432
632
-1504
-2988
-4609
-5912
-7603
-8590
-8099
-6187
-3648
-2233
-1883
-2615
-2332
-1515
-362
-132
-876
-2417
-3743
-4339
-4542
-4628
-4971
-5171
-5386
-5374
-5059
-4441
-3531
-2615
-1605
-1063
-822
-763
-265
679
1971
2915
3265
3141
3356
3874
4128
4467
4545
5165
5678
6282
7444
7637
8424
9776
10414
11483
11745
10475
9897
7459
667
-6162
-9571
-9298
-7469
-4635
-4346
-5813
-5991
-3758
-232
3181
6588
7069
6823
6096
5699
4644
3874
2927
1685
-131
-2543
-4714
-7164
-7731
-7261
-6071
-5241
-4760
-4888
-4729
-4595
-4063
-2739
-2074
-1488
-1955
-2921
-3652
-3493
-3162
-2971
-2971
-3701
-4244
-4493
-3774
-3018
-2000
-1656
-1575
-1610
-933
175
1579
2895
3424
3714
3871
4697
5658
5975
6220
6290
6529
7653
8557
9094
10224
10685
11031
10530
9019
8570
3979
-2463
-6874
-7569
-6664
-4680
-4109
-5434
-6793
-5762
-3013
-792
2626
5235
6473
6671
6404
5854
5367
5684
5287
3790
1069
-1218
-3822
-5679
-6387
-6414
-6131
-6018
-5510
-6338
-6760
-6503
-4954
-3317
-1875
-1834
-2380
-2623
-2328
-1608
-1388
-1457
-2192
-2909
-3698
-4011
-3837
-3215
-2416
-1923
-1525
-1049
169
1143
2213
2690
3244
3855
5008
5951
6386
6930
7675
8353
9004
9679
10064
10532
11011
10658
9405
8219
2639
-3917
-6632
-6873
-6187
-5233
-5616
-6838
-6894
-5497
-3323
-1974
1340
3891
5210
5111
4787
4794
5321
6797
6792
5147
3013
1315
-884
-2456
-3379
-3999
-4293
-5264
-6340
-8298
-9412
-9478
-7906
-6453
-5075
-4431
-3914
-2833
-1373
-41
605
1085
589
-121
-1130
-1700
-1926
-1866
-2071
-2594
-2605
-1808
-197
962
1620
1782
2595
3769
5241
6058
6710
7465
8048
9211
9599
9979
10582
10424
10288
10245
7161
2182
-2370
1682
1907
2199
2283
2070
1800
1702
1928
2286
2495
2410
1967
1163
34
-924
-1243
-830
-191
3
-439
-1032
-1243
-845
-322
-13
-134
-302
-216
95
248
154
22
-1
196
390
331
41
-262
-444
-500
-757
-1360
-2278
-3007
-3279
-3134
-2745
-2579
-2692
-2858
-2618
-2020
-1335
-1051
-1281
-1558
-1576
-1452
-1392
-1519
-1655
-1762
-1606
-1379
-1222
-1017
-727
-182
364
805
965
1069
1065
1062
988
939
752
872
1305
1678
2070
2295
2307
2772
3561
4157
4562
5242
5472
5231
5085
5124
5443
6318
7274
7601
7215
7234
7292
7127
6865
5752
4235
873
-2994
-7458
-9552
-7840
-4188
-1168
-560
-1032
-855
751
3417
4818
5235
4729
4160
3411
1985
299
-1397
-2297
-2892
-3426
-3542
-3699
-3788
-3688
-2958
-1598
-73
421
-470
-1566
-2583
-2831
-2976
-3062
-3642
-4181
-4419
-4597
-4649
-4409
-3855
-3113
-2661
-2353
-2519
-2575
-2552
-2163
-1555
-1198
-1078
-1244
-1155
-557
427
1141
1048
536
37
96
695
1348
1826
2328
2519
2414
2739
3015
3618
4400
5135
5996
6333
6606
6570
6349
6554
7658
9621
10964
11048
10196
8083
6789
4947
1224
-6150
-12977
-14401
-10456
-4998
-1797
-606
-356
1046
4247
6791
7812
6976
5871
4485
2749
625
-1840
-3893
-5590
-6139
-5336
-4177
-3931
-4080
-3296
-1455
1391
3219
3640
3086
2264
1136
-772
-3027
-5970
-7918
-8999
-9359
-8558
-7227
-5668
-4216
-2460
-549
448
550
-133
-930
-1720
-2598
-3623
-4655
-4931
-4265
-2935
-1449
-124
973
1911
2222
2102
1421
909
422
145
407
1178
2234
2695
3575
4194
5217
6262
7116
6992
6554
6437
6228
6417
8195
9645
10265
10168
9465
8889
8727
5798
-104
-8887
-15908
-15870
-10168
-3651
-444
435
800
1489
3961
6122
7262
6708
5702
4490
2640
298
-2856
-5400
-6593
-6131
-4889
-3811
-3585
-3810
-2637
-403
2126
3232
3628
3374
2592
1625
-328
-3407
-7148
-10285
-12042
-11116
-8795
-6894
-5509
-4093
-2122
-229
1147
1622
823
-391
-2115
-3838
-5325
-6039
-5777
-4688
-3269
-2084
-821
545
1916
2776
3051
2274
985
115
-66
834
1960
2898
2656
2649
3527
4456
5778
7775
8112
7761
7120
7517
9050
10531
11630
12285
11523
10363
8890
3228
-5559
-14343
-19327
-16356
-9140
-2596
121
667
1364
3116
6232
8844
9548
8059
5916
3768
1192
-2023
-5447
-7826
-8391
-7125
-5641
-4670
-4223
-3454
-1338
1851
4432
5314
4944
3824
2307
262
-2180
-5219
-8607
-11345
-12296
-11591
-9397
-7056
-4665
-2399
-253
1108
1761
1609
1023
-215
-1854
-3870
-5550
-6361
-5768
-4411
-2690
-1265
4
1160
2316
2911
2790
1896
1102
596
919
1768
2398
2928
3860
4615
5407
6281
7463
8139
8321
8074
7794
8495
10006
11319
11524
10793
9588
6927
107
-9599
-16397
-17038
-12465
-5936
-1240
638
90
1193
4076
6900
9355
9266
7275
5046
2489
-340
-3471
-5940
-7334
-7105
-6013
-5004
-4995
-4660
-3059
-578
2471
4469
4843
3512
1538
-989
-3442
-5596
-7239
-8241
-8498
-8216
-7673
-7053
-5884
-3783
-1391
335
882
192
-924
-1902
-2270
-2464
-2884
-3466
-3703
-3159
-2090
-811
298
1346
1975
2429
2433
2412
2214
2436
2710
2942
3585
3849
5128
5890
6233
7155
8468
9279
9537
10357
10084
9992
10367
10041
8850
6385
-615
-9963
-16121
-16177
-11543
-5698
-1374
-226
-1075
106
3138
6296
9219
9500
7623
5452
2617
-455
-3071
-5177
-6256
-6143
-5717
-5447
-6214
-6100
-4320
-1484
1907
4163
3961
2572
94
-2068
-2977
-4131
-5288
-6564
-8101
-8955
-9129
-8017
-5970
-3607
-1652
-775
-910
-959
-905
-583
-347
-882
-2028
-3115
-3451
-2600
-1283
70
1003
1343
1589
2204
2933
3612
4102
4245
4204
4112
4991
5769
7198
7714
8790
8947
9297
10218
11143
11309
10950
10044
9120
2910
-6566
-13194
-15399
-12907
-7066
-2905
-2060
-3286
-3226
-95
4088
8355
9814
8861
7175
5259
2939
746
-1803
-3832
-4833
-5555
-6197
-7662
-8583
-7877
-5271
-1637
1334
2067
1903
1227
789
410
-1093
-2662
-4522
-5863
-6690
-7448
-8212
-8288
-7422
-5747
-4017
-2782
-2099
-1680
-1049
-96
512
372
-319
-1097
-1233
-588
237
1134
1612
1881
2233
2576
3197
3773
4291
5306
6225
6746
7754
8766
9409
9757
10973
11254
11330
11206
9887
8528
7093
1261
-6486
-11718
-12585
-9939
-5606
-2884
-3164
-4059
-3131
175
3762
7319
8176
7255
6016
5052
3934
2432
632
-1504
-2988
-4609
-5912
-7603
-8590
-8099
-6187
-3648
-2233
-1883
-2615
-2332
-1515
-362
-132
-876
-2417
-3743
-4339
-4542
-4628
-4971
-5171
-5386
-5374
-5059
-4441
-3531
-2615
-1605
-1063
-822
-763
-265
679
1971
2915
3265
3141
3356
3874
4128
4467
4545
5165
5678
6282
7444
7637
8424
9776
10414
11483
11745
10475
9897
7459
667
-6162
-9571
-9298
-7469
-4635
-4346
-5813
-5991
-3758
-232
3181
6588
7069
6823
6096
5699
4644
3874
2927
1685
-131
-2543
-4714
-7164
-7731
-7261
-6071
-5241
-4760
-4888
-4729
-4595
-4063
-2739
-2074
-1488
-1955
-2921
-3652
-3493
-3162
-2971
-2971
-3701
-4244
-4493
-3774
-3018
-2000
-1656
-1575
-1610
-933
175
1579
2895
3424
3714
3871
4697
5658
5975
6220
6290
6529
7653
8557
9094
10224
10685
11031
10530
9019
8570
3979
-2463
-6874
-7569
-6664
-4680
-4109
-5434
-6793
-5762
-3013
-792
2626
5235
6473
6671
6404
5854
5367
5684
5287
3790
1069
-1218
-3822
-5679
-6387
-6414
-6131
-6018
-5510
-6338
-6760
-6503
-4954
-3317
-1875
-1834
-2380
-2623
-2328
-1608
-1388
-1457
-2192
-2909
-3698
-4011
-3837
-3215
-2416
-1923
-1525
-1049
169
1143
2213
2690
3244
3855
5008
5951
6386
6930
7675
8353
9004
9679
10064
10532
11011
10658
9405
8219
2639
-3917
-6632
-6873
-6187
-5233
-5616
-6838
-6894
-5497
-3323
-1974
1340
3891
5210
5111
4787
4794
5321
6797
6792
5147
3013
1315
-884
-2456
-3379
-3999
-4293
-5264
-6340
-8298
-9412
-9478
-7906
-6453
-5075
-4431
-3914
-2833
-1373
-41
605
1085
589
-121
-1130
-1700
-1926
-1866
-2071
-2594
-2605
-1808
-197
962
1620
1782
2595
3769
5241
6058
6710
7465
8048
9211
9599
9979
10582
10424
10288
10245
7161
2182
-2370
1682
1907
2199
2283
2070
1800
1702
1928
2286
2495
2410
1967
1163
34
-924
-1243
-830
-191
3
-439
-1032
-1243
-845
-322
-13
-134
-302
-216
95
248
154
22
-1
196
390
331
41
-262
-444
-500
-757
-1360
-2278
-3007
-3279
-3134
-2745
-2579
-2692
-2858
-2618
-2020
-1335
-1051
-1281
-1558
-1576
-1452
-1392
-1519
-1655
-1762
-1606
-1379
-1222
-1017
-727
-182
364
805
965
1069
1065
1062
988
939
752
872
1305
1678
2070
2295
2307
2772
3561
4157
4562
5242
5472
5231
5085
5124
5443
6318
7274
7601
7215
7234
7292
7127
6865
5752
4235
873
-2994
-7458
-9552
-7840
-4188
-1168
-560
-1032
-855
751
3417
4818
5235
4729
4160
3411
1985
299
-1397
-2297
-2892
-3426
-3542
-3699
-3788
-3688
-2958
-1598
-73
421
-470
-1566
-2583
-2831
-2976
-3062
-3642
-4181
-4419
-4597
-4649
-4409
-3855
-3113
-2661
-2353
-2519
-2575
-2552
-2163
-1555
-1198
-1078
-1244
-1155
-557
427
1141
1048
536
37
96
695
1348
1826
2328
2519
2414
2739
3015
3618
4400
5135
5996
6333
6606
6570
6349
6554
7658
9621
10964
11048
10196
8083
6789
4947
1224
-6150
-12977
-14401
-10456
-4998
-1797
-606
-356
1046
4247
6791
7812
6976
5871
4485
2749
625
-1840
-3893
-5590
-6139
-5336
-4177
-3931
-4080
-3296
-1455
1391
3219
3640
3086
2264
1136
-772
-3027
-5970
-7918
-8999
-9359
-8558
-7227
-5668
-4216
-2460
-549
448
550
-133
-930
-1720
-2598
-3623
-4655
-4931
-4265
-2935
-1449
-124
973
1911
2222
2102
1421
909
422
145
407
1178
2234
2695
3575
4194
5217
6262
7116
6992
6554
6437
6228
6417
8195
9645
10265
10168
9465
8889
8727
5798
-104
-8887
-15908
-15870
-10168
-3651
-444
435
800
1489
3961
6122
7262
6708
5702
4490
2640
298
-2856
-5400
-6593
-6131
-4889
-3811
-3585
-3810
-2637
-403
2126
3232
3628
3374
2592
1625
-328
-3407
-7148
-10285
-12042
-11116
-8795
-6894
-5509
-4093
-2122
-229
1147
1622
823
-391
-2115
-3838
-5325
-6039
-5777
-4688
-3269
-2084
-821
545
1916
2776
3051
2274
985
115
-66
834
1960
2898
2656
2649
3527
4456
5778
7775
8112
7761
7120
7517
9050
10531
11630
12285
11523
10363
8890
3228
-5559
-14343
-19327
-16356
-9140
-2596
121
667
1364
3116
6232
8844
9548
8059
5916
3768
1192
-2023
-5447
-7826
-8391
-7125
-5641
-4670
-4223
-3454
-1338
1851
4432
5314
4944
3824
2307
262
-2180
-5219
-8607
-11345
-12296
-11591
-9397
-7056
-4665
-2399
-253
1108
1761
1609
1023
-215
-1854
-3870
-5550
-6361
-5768
-4411
-2690
-1265
4
1160
2316
2911
2790
1896
1102
596
919
1768
2398
2928
3860
4615
5407
6281
7463
8139
8321
8074
7794
8495
10006
11319
11524
10793
9588
6927
107
-9599
-16397
-17038
-12465
-5936
-1240
638
90
1193
4076
6900
9355
9266
7275
5046
2489
-340
-3471
-5940
-7334
-7105
-6013
-5004
-4995
-4660
-3059
-578
2471
4469
4843
3512
1538
-989
-3442
-5596
-7239
-8241
-8498
-8216
-7673
-7053
-5884
-3783
-1391
335
882
192
-924
-1902
-2270
-2464
-2884
-3466
-3703
-3159
-2090
-811
298
1346
1975
2429
2433
2412
2214
2436
2710
2942
3585
3849
5128
5890
6233
7155
8468
9279
9537
10357
10084
9992
10367
10041
8850
6385
-615
-9963
-16121
-16177
-11543
-5698
-1374
-226
-1075
106
3138
6296
9219
9500
7623
5452
2617
-455
-3071
-5177
-6256
-6143
-5717
-5447
-6214
-6100
-4320
-1484
1907
4163
3961
2572
94
-2068
-2977
-4131
-5288
-6564
-8101
-8955
-9129
-8017
-5970
-3607
-1652
-775
-910
-959
-905
-583
-347
-882
-2028
-3115
-3451
-2600
-1283
70
1003
1343
1589
2204
2933
3612
4102
4245
4204
4112
4991
5769
7198
7714
8790
8947
9297
10218
11143
11309
10950
10044
9120
2910
-6566
-13194
-15399
-12907
-7066
-2905
-2060
-3286
-3226
-95
4088
8355
9814
8861
7175
5259
2939
746
-1803
-3832
-4833
-5555
-6197
-7662
-8583
-7877
-5271
-1637
1334
2067
1903
1227
789
410
-1093
-2662
-4522
-5863
-6690
-7448
-8212
-8288
-7422
-5747
-4017
-2782
-2099
-1680
-1049
-96
512
372
-319
-1097
-1233
-588
237
1134
1612
1881
2233
2576
3197
3773
4291
5306
6225
6746
7754
8766
9409
9757
10973
11254
11330
11206
9887
8528
7093
1261
-6486
-11718
-12585
-9939
-5606
-2884
-3164
-4059
-3131
175
3762
7319
8176
7255
6016
5052
3934
2432
632
-1504
-2988
-4609
-5912
-7603
-8590
-8099
-6187
-3648
-2233
-1883
-2615
-2332
-1515
-362
-132
-876
-2417
-3743
-4339
-4542
-4628
-4971
-5171
-5386
-5374
-5059
-4441
-3531
-2615
-1605
-1063
-822
-763
-265
679
1971
2915
3265
3141
3356
3874
4128
4467
4545
5165
5678
6282
7444
7637
8424
9776
10414
11483
11745
10475
9897
7459
667
-6162
-9571
-9298
-7469
-4635
-4346
-5813
-5991
-3758
-232
3181
6588
7069
6823
6096
5699
4644
3874
2927
1685
-131
-2543
-4714
-7164
-7731
-7261
-6071
-5241
-4760
-4888
-4729
-4595
-4063
-2739
-2074
-1488
-1955
-2921
-3652
-3493
-3162
-2971
-2971
-3701
-4244
-4493
-3774
-3018
-2000
-1656
-1575
-1610
-933
175
1579
2895
3424
3714
3871
4697
5658
5975
6220
6290
6529
7653
8557
9094
10224
10685
11031
10530
9019
8570
3979
-2463
-6874
-7569
-6664
-4680
-4109
-5434
-6793
-5762
-3013
-792
2626
5235
6473
6671
6404
5854
5367
5684
5287
3790
1069
-1218
-3822
-5679
-6387
-6414
-6131
-6018
-5510
-6338
-6760
-6503
-4954
-3317
-1875
-1834
-2380
-2623
-2328
-1608
-1388
-1457
-2192
-2909
-3698
-4011
-3837
-3215
-2416
-1923
-1525
-1049
169
1143
2213
2690
3244
3855
5008
5951
6386
6930
7675
8353
9004
9679
10064
10532
11011
10658
9405
8219
2639
-3917
-6632
-6873
-6187
-5233
-5616
-6838
-6894
-5497
-3323
-1974
1340
3891
5210
5111
4787
4794
5321
6797
6792
5147
3013
1315
-884
-2456
-3379
-3999
-4293
-5264
-6340
-8298
-9412
-9478
-7906
-6453
-5075
-4431
-3914
-2833
-1373
-41
605
1085
589
-121
-1130
-1700
-1926
-1866
-2071
-2594
-2605
-1808
-197
962
1620
1782
2595
3769
5241
6058
6710
7465
8048
9211
9599
9979
10582
10424
10288
10245
7161
2182
-2370
