0.025116
0.029968
0.033408
0.034378
0.032224
0.027087
0.019911
0.012032
0.004612
-0.001606
-0.006340
-0.009433
-0.010694
-0.009882
-0.006942
-0.002256
0.003355
0.008929
0.013648
0.016938
0.018422
0.017899
0.015394
0.011180
0.005738
-0.000277
-0.006114
-0.011121
-0.014846
-0.017051
-0.017643
-0.016663
-0.014326
-0.011056
-0.007440
-0.004024
-0.001211
0.000752
0.001702
0.001511
0.000041
-0.002714
-0.006493
-0.010718
-0.014678
-0.017775
-0.019743
-0.020685
-0.020905
-0.020772
-0.020500
-0.020086
-0.019429
-0.018607
-0.017880
-0.017470
-0.017346
-0.017202
-0.016682
-0.015563
-0.013734
-0.011219
-0.008226
-0.005270
-0.003008
-0.002000
-0.002462
-0.004092
-0.006323
-0.008644
-0.010949
-0.013266
-0.015388
-0.016614
-0.016192
-0.013743
-0.009486
-0.004015
0.002009
0.008185
0.014293
0.019952
0.024539
0.027162
0.027149
0.024519
0.019902
0.014158
0.008313
0.003492
0.000556
0.000070
0.002187
0.006672
0.013103
0.021453
0.032064
0.044976
0.058755
0.070246
0.075794
0.071802
0.061547
0.048453
0.035461
0.023663
0.012550
0.001472
-0.009031
-0.017025
-0.020461
-0.017831
-0.010907
-0.001893
0.007048
0.014783
0.020995
0.025469
0.027804
0.027531
0.024361
0.018138
0.010093
0.001352
-0.006992
-0.014025
-0.019117
-0.021860
-0.022300
-0.020899
-0.018239
-0.014624
-0.010256
-0.005521
-0.001294
0.001389
0.001785
-0.000147
-0.003754
-0.008032
-0.012136
-0.015751
-0.018800
-0.021218
-0.022798
-0.023398
-0.022996
-0.021719
-0.019837
-0.017735
-0.015853
-0.014483
-0.013640
-0.013102
-0.012564
-0.011734
-0.010421
-0.008662
-0.006721
-0.004920
-0.003506
-0.002549
-0.002032
-0.001959
-0.002431
-0.003575
-0.005439
-0.007837
-0.010339
-0.012424
-0.013725
-0.014062
-0.013349
-0.011522
-0.008526
-0.004415
0.000587
0.005990
0.011095
0.015137
0.017550
0.018156
0.017099
0.014678
0.011187
0.007007
0.002642
-0.001284
-0.004187
-0.005577
-0.005073
-0.002424
0.002405
0.009172
0.017113
0.024975
0.031244
0.034775
0.035279
0.033267
0.029542
0.022772
0.016937
0.011662
0.005967
0.002378
0.001191
0.000609
-0.000050
-0.000437
-0.000362
0.000609
0.002794
0.005823
0.009582
0.012915
0.014951
0.015114
0.012177
0.006644
0.000558
-0.005091
-0.009444
-0.011619
-0.011972
-0.011650
-0.011353
-0.010819
-0.009546
-0.007574
-0.005151
-0.002368
-0.000086
0.000947
0.001293
0.001419
0.000834
-0.000466
-0.002193
-0.004293
-0.006007
-0.006595
-0.005978
-0.004423
-0.002428
-0.000837
0.000443
0.001746
0.002337
0.000951
-0.002075
-0.004465
-0.005817
-0.007332
-0.008012
-0.007062
-0.006260
-0.006392
-0.006582
-0.006820
-0.007447
-0.008202
-0.008913
-0.009590
-0.010299
-0.011029
-0.011674
-0.012396
-0.013116
-0.013261
-0.012594
-0.011457
-0.010020
-0.008065
-0.005848
-0.003820
-0.001649
0.000449
0.001107
0.000381
-0.000629
-0.001939
-0.003153
-0.003174
-0.002678
-0.002639
-0.002414
-0.001782
-0.001016
0.000509
0.003433
0.007122
0.009888
0.011222
0.012099
0.012488
0.011782
0.011088
0.011355
0.011495
0.010817
0.010110
0.009218
0.007843
0.007069
0.007344
0.007995
0.008772
0.009314
0.009161
0.008725
0.008398
0.008115
0.007975
0.007802
0.007078
0.005996
0.005074
0.004279
0.003617
0.003240
0.002745
0.001931
0.001334
0.000896
0.000232
-0.000301
-0.000640
-0.001256
-0.001899
-0.002172
-0.002410
-0.002884
-0.003390
-0.003840
-0.004246
-0.004500
-0.004372
-0.003872
-0.003265
-0.002787
-0.002352
-0.001836
-0.001141
-0.000408
0.000092
0.000317
0.000207
-0.000304
-0.000792
-0.000973
-0.001264
-0.001696
-0.001993
-0.002526
-0.003266
-0.003603
-0.003715
-0.004540
-0.006112
-0.007254
-0.008072
-0.008978
-0.009226
-0.008908
-0.008710
-0.008428
-0.008166
-0.008128
-0.007997
-0.007867
-0.008101
-0.008610
-0.009511
-0.010597
-0.011216
-0.011313
-0.010803
-0.009613
-0.008439
-0.007469
-0.006738
-0.006278
-0.005798
-0.005075
-0.003937
-0.002267
-0.000518
0.001059
0.002489
0.003631
0.004791
0.006222
0.007732
0.009656
0.012028
0.014603
0.016945
0.019154
0.021977
0.025225
0.026190
0.024744
0.023303
0.021782
0.019597
0.018142
0.017849
0.017681
0.017490
0.016930
0.015649
0.013622
0.011413
0.009513
0.007823
0.005999
0.004278
0.002701
0.001450
0.000990
0.001103
0.001340
0.001380
0.000969
0.000602
0.000450
0.000443
0.000603
0.000469
-0.000367
-0.001615
-0.003159
-0.004730
-0.005780
-0.006359
-0.006548
-0.006032
-0.005154
-0.004094
-0.002737
-0.001340
0.000526
0.002782
0.003958
0.003817
0.003141
0.002148
0.000804
-0.000237
-0.000840
-0.002026
-0.003734
-0.005673
-0.007132
-0.008665
-0.009290
-0.009017
-0.008990
-0.008616
-0.007971
-0.007095
-0.006047
-0.004721
-0.003337
-0.002185
-0.001367
-0.001101
-0.001301
-0.001714
-0.002558
-0.003313
-0.004024
-0.006094
-0.007543
-0.008713
-0.008644
-0.007640
-0.006674
-0.005727
-0.004664
-0.004434
-0.004929
-0.006026
-0.006199
-0.006000
-0.004421
-0.003178
-0.002420
-0.001820
-0.000959
0.000576
0.002013
0.003540
0.004633
0.006369
0.008772
0.012197
0.016341
0.020945
0.026357
0.028973
0.026123
0.022502
0.018536
0.017698
0.017256
0.016335
0.015534
0.014223
0.011221
0.006831
0.003141
-0.000181
-0.003108
-0.005055
-0.006023
-0.005921
-0.005228
-0.003640
-0.001879
-0.001313
-0.001169
-0.000447
0.000299
0.000131
0.000269
0.000249
-0.000623
-0.000542
-0.001248
-0.002911
-0.004487
-0.005649
-0.006123
-0.006644
-0.007254
-0.008802
-0.010463
-0.010510
-0.008484
-0.007017
-0.006665
-0.006043
-0.003700
-0.001521
0.000312
0.002293
0.005234
0.008046
0.011106
0.014086
0.011973
0.008849
0.006668
0.005465
0.003373
0.000220
-0.002195
-0.002829
-0.001773
-0.000138
0.001444
0.002811
0.004010
0.005877
0.004872
0.001989
-0.000603
-0.001837
-0.001706
-0.001431
-0.000228
-0.001366
-0.003058
-0.004235
-0.004416
-0.004609
-0.003475
0.000525
0.004213
0.006881
0.002935
0.000856
0.001155
0.000391
-0.002693
-0.006434
-0.009226
-0.009613
-0.010450
-0.008825
-0.005058
-0.002918
-0.003072
-0.003122
-0.002652
-0.001101
-0.000401
-0.002083
-0.002207
0.000613
0.001613
0.003298
0.005520
0.002875
-0.000139
-0.001654
-0.001179
-0.000612
0.000163
0.001160
0.000844
0.000787
0.001033
0.000791
0.000585
0.000614
0.001302
0.000986
0.000386
0.000000
0.000000
0.000000
0.000000
0.000000
0.000000
0.000000
0.000000
0.000000
0.000000
0.000000
0.000000
0.000000
0.000000
0.000000
0.000000
0.000000
0.000000
0.000000
0.000000
0.000000
0.000000
0.000000
0.000000
0.000000
0.000000
0.000000
0.000000
0.000000
0.000000
0.000000
0.000000
0.000000
0.000000
0.000000
0.000000
0.000000
0.000000
0.000000
0.000000
0.000000
0.000000
0.000000
0.000000
0.000000
0.000000
0.000000
0.000000
0.000000
0.000000
0.000000
0.000000
0.000000
0.000000
0.000000
0.000000
0.000000
0.000000
0.000000
0.000000
0.000000
0.000000
0.000000
0.000000
0.000000
0.000000
0.000000
0.000000
0.000000
0.000000
0.000000
0.000000
0.000000
0.000000
0.000000
0.000000
0.000000
0.000000
0.000000
0.000000
0.180281
0.137858
0.064321
0.008679
0.005790
0.040455
0.062280
0.053328
0.021456
-0.008387
-0.014720
-0.012195
-0.012129
-0.023697
-0.041109
-0.048204
-0.049785
-0.051722
-0.060050
-0.073726
-0.074126
-0.060758
-0.039547
-0.024089
-0.027208
-0.038223
-0.043918
-0.033010
-0.008680
0.007515
0.004948
-0.013296
-0.022938
-0.000415
0.041589
0.078465
0.076029
0.044455
0.014666
0.004616
0.019702
0.037119
0.038715
0.025780
0.007307
-0.003333
-0.005849
-0.008472
-0.012252
-0.018217
-0.020153
-0.019342
-0.023015
-0.031817
-0.042615
-0.046837
-0.040469
-0.030416
-0.023324
-0.023891
-0.028896
-0.033053
-0.032194
-0.026800
-0.019124
-0.014309
-0.013748
-0.016973
-0.017595
-0.015768
-0.011923
